backend = "glx";
glx-no-stencil = true;
glx-swap-method = "-1";
vsync = "opengl-swc";


shadow = true;
no-dnd-shadow = true;
no-dock-shadow = true;
clear-shadow = true;
shadow-radius = 7;
shadow-offset-x = -7;
shadow-offset-y = -7;
xinerama-shadow-crop = true;
shadow-ignore-shaped = true;

blur-background = true;
#blur-kern = "11,11,1.000000,1.000000,1.000000,1.000000,1.000000,1.000000,1.000000,1.000000,1.000000,1.000000,1.000000,1.000000,1.000000,1.000000,1.000000,1.000000,1.000000,1.000000,1.000000,1.000000,1.000000,1.000000,1.000000,1.000000,1.000000,1.000000,1.000000,1.000000,1.000000,1.000000,1.000000,1.000000,1.000000,1.000000,1.000000,1.000000,1.000000,1.000000,1.000000,1.000000,1.000000,1.000000,1.000000,1.000000,1.000000,1.000000,1.000000,1.000000,1.000000,1.000000,1.000000,1.000000,1.000000,1.000000,1.000000,1.000000,1.000000,1.000000,1.000000,1.000000,1.000000,1.000000,1.000000,1.000000,1.000000,1.000000,1.000000,1.000000,1.000000,1.000000,1.000000,1.000000,1.000000,1.000000,1.000000,1.000000,1.000000,1.000000,1.000000,1.000000,1.000000,1.000000,1.000000,1.000000,1.000000,1.000000,1.000000,1.000000,1.000000,1.000000,1.000000,1.000000,1.000000,1.000000,1.000000,1.000000,1.000000,1.000000,1.000000,1.000000,1.000000,1.000000,1.000000,1.000000,1.000000,1.000000,1.000000,1.000000,1.000000,1.000000,1.000000,1.000000,1.000000,1.000000,1.000000,1.000000,1.000000,1.000000,1.000000,1.000000";
blur-kern = "7,7,0.979799,0.985369,0.988726,0.989848,0.988726,0.985369,0.979799,0.985369,0.990971,0.994347,0.995475,0.994347,0.990971,0.985369,0.988726,0.994347,0.997735,0.998867,0.997735,0.994347,0.988726,0.989848,0.995475,0.998867,0.998867,0.995475,0.989848,0.988726,0.994347,0.997735,0.998867,0.997735,0.994347,0.988726,0.985369,0.990971,0.994347,0.995475,0.994347,0.990971,0.985369,0.979799,0.985369,0.988726,0.989848,0.988726,0.985369,0.979799";
#blur-kern = "7,7,0.996406,0.997403,0.998002,0.998202,0.998002,0.997403,0.996406,0.997403,0.998401,0.999000,0.999200,0.999000,0.998401,0.997403,0.998002,0.999000,0.999600,0.999800,0.999600,0.999000,0.998002,0.998202,0.999200,0.999800,0.999800,0.999200,0.998202,0.998002,0.999000,0.999600,0.999800,0.999600,0.999000,0.998002,0.997403,0.998401,0.999000,0.999200,0.999000,0.998401,0.997403,0.996406,0.997403,0.998002,0.998202,0.998002,0.997403,0.996406";
